# Edge events for shell 97.5бу
# start_epoch, end_epoch, satellite_i, satellite_j
0 120 557 560
58 85 29 32
0 120 765 854
0 120 163 377
1 12 42 267
15 17 42 267
20 21 42 267
93 107 42 267
109 111 42 267
114 115 42 267
6 6 11 917
100 100 11 917
33 34 29 971
58 58 11 508
2 5 32 222
96 99 32 222
0 120 313 321
0 120 535 959
0 120 188 735
0 120 376 377
0 120 861 863
0 120 751 848
0 120 83 160
0 120 117 567
77 81 15 519
0 120 777 842
14 14 4 626
108 108 4 626
24 26 33 280
118 120 33 280
49 52 13 222
0 120 871 970
0 120 1015 1020
0 120 1037 1038
59 65 27 650
0 120 509 510
14 15 22 126
107 109 22 126
67 68 33 401
0 120 789 793
0 120 679 921
45 47 33 172
0 120 66 169
0 120 909 974
81 84 21 54
0 120 718 1034
0 120 471 748
17 17 22 656
0 120 247 1040
0 120 682 931
0 120 110 131
0 120 910 975
0 120 556 563
40 42 33 293
5 6 11 125
99 99 11 125
0 120 764 857
0 120 675 928
56 56 15 244
0 120 105 812
0 120 861 938
0 120 287 294
0 120 279 290
0 120 298 303
0 120 449 472
0 120 236 1002
0 120 228 244
32 32 27 74
54 54 42 993
47 54 18 370
0 120 637 1058
0 120 276 298
0 120 116 654
0 120 460 464
39 44 11 488
0 120 121 131
0 120 214 322
46 47 32 431
0 120 887 945
0 120 1044 1045
0 120 791 828
0 120 763 766
0 120 624 836
55 56 23 89
0 120 159 1002
81 84 27 208
0 120 486 493
0 120 538 540
0 120 636 1075
0 23 29 254
25 26 29 254
30 30 29 254
34 34 29 254
36 36 29 254
39 39 29 254
48 49 29 254
52 117 29 254
119 120 29 254
0 120 260 266
0 120 603 605
0 120 833 838
0 120 253 263
0 120 25 256
0 120 313 314
51 53 29 375
0 120 1054 1071
89 90 6 391
0 120 378 379
0 120 0 842
0 120 9 24
44 44 27 450
69 74 11 442
0 120 940 942
0 120 725 1017
0 120 379 380
0 120 225 322
0 120 257 274
0 120 821 1070
0 120 119 569
33 35 6 512
0 120 456 748
87 89 4 30
0 120 346 962
0 120 198 798
65 71 33 93
43 44 13 35
70 73 42 443
0 120 430 439
0 120 192 1025
0 120 184 1021
0 120 456 460
0 120 874 973
14 18 33 214
108 112 33 214
0 120 511 512
0 120 194 805
13 18 21 505
107 111 21 505
0 120 719 1035
0 120 1065 1071
0 120 201 737
0 120 527 870
53 54 33 335
0 120 267 273
0 120 426 446
0 120 38 41
0 120 763 854
0 120 1 302
0 120 49 50
47 50 42 276
0 120 330 334
0 120 632 635
0 120 772 795
0 120 469 757
1 2 6 767
95 96 6 767
0 120 334 340
83 84 6 129
64 69 22 482
0 120 701 1036
0 120 186 819
76 79 13 519
0 120 136 998
0 120 235 711
0 120 548 942
0 120 49 63
27 29 29 234
0 120 231 1006
0 120 628 642
0 120 278 300
0 120 451 457
3 6 27 309
97 100 27 309
0 120 761 762
37 38 29 764
0 120 991 995
0 1 4 936
93 95 4 936
0 120 115 129
0 120 463 467
25 25 22 953
119 119 22 953
66 66 23 540
0 120 0 822
0 120 201 812
0 120 965 979
0 120 528 941
76 76 33 590
0 120 809 811
0 120 0 413
0 120 758 765
0 120 78 1006
0 120 458 473
0 120 802 808
0 120 26 550
16 18 29 67
110 111 29 67
22 23 6 492
116 117 6 492
86 88 4 648
65 73 27 551
0 120 591 593
0 120 220 308
4 7 33 302
98 101 33 302
0 120 524 948
0 120 337 713
49 50 29 597
0 120 876 878
27 30 18 438
88 90 4 131
0 120 168 382
0 120 527 958
0 120 598 609
0 120 623 782
0 4 29 309
94 97 29 309
0 120 208 311
20 22 29 80
114 116 29 80
0 120 381 382
0 120 0 776
0 120 624 783
0 120 284 306
92 93 3 27
0 120 539 941
0 120 662 666
0 120 654 662
0 120 133 667
0 120 989 997
0 120 854 952
64 69 6 446
0 120 188 194
0 120 565 669
0 120 212 322
0 120 751 945
0 120 542 951
0 120 641 1073
0 120 184 196
54 55 2 39
0 120 1 223
0 120 834 835
77 80 23 507
37 37 27 1035
0 120 0 789
0 120 184 726
0 120 835 836
0 120 214 223
0 120 337 968
0 120 206 219
0 120 986 1005
53 57 21 439
0 120 149 1033
0 120 779 791
0 120 327 1039
0 120 602 606
45 49 11 510
0 64 33 269
69 120 33 269
0 120 901 902
0 120 305 319
0 120 612 619
0 120 623 628
0 120 548 863
0 120 254 273
0 120 239 1047
0 120 608 621
0 120 88 97
0 120 967 968
0 120 172 993
0 120 549 571
0 120 691 920
0 120 331 348
0 120 690 695
0 120 868 967
0 120 81 996
0 120 749 866
67 67 42 861
0 120 880 977
0 120 144 234
14 19 42 223
109 113 42 223
0 120 800 804
32 33 29 698
66 67 21 694
0 120 906 971
0 120 137 231
0 120 571 572
9 12 29 289
102 106 29 289
18 21 23 474
112 114 23 474
0 120 512 522
0 120 284 286
61 62 42 344
16 18 11 765
110 112 11 765
24 25 22 249
118 118 22 249
0 120 250 1047
9 10 32 299
103 103 32 299
57 61 6 426
0 91 6 17
93 120 6 17
54 54 42 236
0 120 236 1004
0 120 698 1035
0 120 973 974
24 24 4 883
0 120 634 641
0 120 176 995
0 120 334 349
20 23 23 487
114 116 23 487
0 120 218 317
15 21 4 65
23 27 4 65
29 32 4 65
109 111 4 65
118 120 4 65
0 120 709 1049
0 120 844 865
0 120 132 659
0 120 302 316
0 2 11 369
9 11 11 369
18 32 11 369
34 35 11 369
82 83 11 369
89 89 11 369
92 95 11 369
103 105 11 369
112 120 11 369
0 120 106 1015
64 66 21 648
15 17 15 488
108 110 15 488
0 120 171 1001
0 120 708 711
0 120 988 994
59 60 42 707
0 120 191 192
0 120 770 771
33 35 11 490
50 51 27 89
53 53 27 89
0 120 352 374
0 120 992 1000
0 120 700 712
33 35 29 544
0 120 404 421
35 37 2 261
0 120 183 193
0 120 282 315
68 68 21 131
0 120 194 202
0 120 740 1013
0 120 792 831
0 120 836 837
0 120 486 495
0 120 301 306
0 120 600 602
0 120 28 556
0 120 39 40
53 53 23 32
0 120 533 957
0 120 112 555
0 120 25 258
0 120 253 265
0 120 337 902
0 120 338 718
0 120 525 544
0 120 82 383
0 120 636 789
52 52 4 320
39 42 42 203
0 120 733 1023
0 120 327 335
0 120 368 373
31 32 29 907
86 87 2 624
0 120 98 103
35 40 21 494
0 120 821 1072
20 24 6 514
114 118 6 514
0 120 1002 1004
0 120 848 946
0 120 859 955
0 120 346 964
0 120 673 684
16 18 29 390
109 112 29 390
0 120 349 974
0 120 564 670
0 120 192 1027
0 120 135 227
0 120 209 213
16 19 27 285
110 112 27 285
0 120 868 901
0 120 871 906
85 86 21 507
0 120 271 273
0 120 255 265
0 120 562 565
0 120 573 574
0 120 872 907
60 61 23 287
0 120 542 852
0 120 176 386
0 120 473 752
0 120 267 275
0 120 46 47
71 72 2 120
0 120 329 335
0 120 336 1048
0 120 144 698
0 120 181 994
0 120 99 812
0 120 135 240
0 120 236 1046
47 48 15 818
1 3 4 696
95 97 4 696
0 120 232 703
0 120 892 978
0 120 53 63
0 120 606 621
0 120 759 863
21 22 22 304
115 116 22 304
65 66 13 521
0 120 552 649
0 120 846 867
0 120 139 1005
0 120 118 128
0 120 731 737
0 120 689 920
56 56 6 481
58 59 6 481
0 120 79 996
0 120 1031 1034
0 120 71 992
0 120 182 185
0 120 149 237
0 120 462 468
0 120 343 1042
0 120 230 985
0 120 514 515
0 120 747 866
0 120 249 998
0 120 166 1000
0 120 411 422
63 63 6 602
66 68 6 602
70 78 6 602
0 120 74 1002
0 120 0 824
0 120 185 195
0 120 93 1015
0 120 798 804
74 76 42 412
81 81 4 120
0 120 0 415
0 120 528 534
0 120 122 669
22 29 21 474
116 120 21 474
0 120 70 1004
0 120 510 522
0 120 529 535
82 84 4 650
0 120 581 582
0 120 801 814
16 16 11 954
109 110 11 954
0 120 1031 1047
33 33 27 144
0 120 81 380
43 43 23 375
46 52 23 375
54 62 23 375
66 67 23 375
70 73 23 375
0 120 212 311
0 120 377 378
0 120 333 717
0 120 369 374
0 120 535 937
0 120 195 1017
77 78 4 254
0 120 187 1013
0 120 0 778
0 120 69 383
87 90 3 29
0 120 476 478
14 14 13 488
107 108 13 488
36 38 33 317
0 120 546 951
0 120 626 831
0 0 6 857
94 94 6 857
70 73 29 203
0 120 738 1008
0 120 346 898
0 120 132 560
0 120 781 826
0 120 101 801
0 120 76 399
0 120 68 395
4 7 29 324
98 101 29 324
74 76 23 509
0 120 273 275
0 120 845 846
0 120 0 791
0 120 424 444
0 120 1056 1066
0 120 184 728
0 120 874 909
36 37 29 854
0 120 340 975
0 120 785 837
11 12 4 1026
105 106 4 1026
0 120 86 161
0 120 339 341
69 71 42 500
40 45 11 512
0 120 235 1043
0 120 885 896
0 120 730 1022
0 120 612 621
0 120 384 385
0 120 638 795
0 120 88 737
26 30 42 212
120 120 42 212
0 120 449 450
35 36 27 232
38 39 33 163
0 120 139 1047
70 72 15 523
0 120 231 1050
0 120 741 743
0 120 879 978
0 120 345 1044
0 120 516 517
0 120 675 690
0 120 81 180
0 120 905 972
0 120 509 514
0 120 236 993
0 120 228 235
0 120 852 853
0 120 890 965
21 21 29 291
115 115 29 291
6 9 23 476
100 103 23 476
0 120 70 179
0 120 148 247
55 55 13 59
0 120 76 78
0 120 705 1040
0 49 23 597
68 120 23 597
0 120 539 864
0 120 921 929
71 75 11 479
0 120 232 712
0 120 545 943
0 120 186 1010
0 120 844 867
0 120 550 649
0 120 178 1006
14 15 22 264
108 109 22 264
0 120 197 1019
0 120 1036 1037
69 71 21 1059
0 2 32 314
93 96 32 314
0 120 467 471
0 120 629 1058
71 71 2 551
0 120 478 480
7 10 15 490
100 103 15 490
85 86 18 495
0 120 853 951
0 120 427 434
79 81 6 261
0 120 36 549
39 42 23 430
61 89 33 660
0 120 190 198
0 120 547 881
0 120 539 877
0 120 459 768
0 120 346 711
30 31 11 492
0 120 206 322
79 80 27 320
0 120 623 839
0 120 474 487
0 120 531 878
0 120 0 833
0 120 147 1031
0 120 529 953
0 120 881 883
0 120 301 308
50 51 20 29
46 47 13 1073
0 120 528 844
42 42 13 664
0 120 525 955
0 120 165 383
69 72 21 784
0 120 385 386
0 120 884 893
0 120 304 318
20 23 15 444
114 117 15 444
79 82 4 551
0 120 224 325
0 120 200 1020
0 120 97 104
16 17 11 855
110 111 11 855
70 72 33 614
0 120 89 100
0 120 888 899
72 77 11 446
0 120 300 320
26 28 32 389
120 120 32 389
39 43 21 496
0 120 208 322
13 17 6 516
107 111 6 516
0 120 452 453
0 120 3 218
0 120 897 961
0 120 1053 1065
0 120 203 220
0 120 105 737
92 93 6 349
33 63 4 276
65 72 4 276
74 76 4 276
60 60 33 748
0 120 56 57
0 120 176 388
0 120 11 580
0 120 506 522
0 120 618 620
0 120 610 616
0 120 329 337
0 120 715 1046
28 29 42 280
0 120 330 338
41 42 27 529
60 61 33 460
0 120 153 1050
0 120 692 919
0 120 920 926
0 120 458 752
0 120 328 1051
0 120 119 648
0 120 135 1001
0 120 242 984
0 120 685 916
0 120 349 701
0 120 0 404
68 71 13 523
77 80 33 352
61 63 32 356
0 120 285 307
0 120 532 938
43 48 6 483
0 120 449 760
43 46 42 293
5 7 22 427
98 100 22 427
27 28 29 997
0 120 403 420
0 120 101 198
0 120 0 826
7 8 11 1064
101 102 11 1064
0 120 0 417
0 120 533 880
65 69 11 426
0 120 868 870
0 120 871 875
0 120 114 667
11 16 21 476
105 110 21 476
0 120 326 703
0 120 537 886
0 120 138 243
12 14 22 31
106 108 22 31
0 120 66 74
18 18 15 437
111 112 15 437
26 27 22 970
120 120 22 970
0 120 825 1065
0 120 223 322
30 31 29 722
0 120 846 944
0 120 598 613
8 11 29 313
102 105 29 313
0 120 141 145
0 120 559 658
0 120 625 832
0 120 0 780
0 120 196 197
0 120 527 854
5 8 13 490
99 102 13 490
32 32 27 388
86 87 32 323
44 50 21 430
46 47 15 270
0 120 136 151
45 46 13 1020
0 120 204 322
0 120 251 254
0 120 346 900
0 120 542 546
0 120 899 963
0 120 117 668
0 1 32 215
92 95 32 215
0 120 483 496
0 120 199 737
0 120 350 906
15 16 22 695
109 110 22 695
0 120 0 793
0 120 265 273
0 120 317 320
80 90 33 561
0 120 184 730
0 120 337 972
15 15 27 221
109 109 27 221
0 120 84 383
0 120 785 839
53 54 15 283
0 120 609 613
87 87 18 517
16 17 22 816
110 111 22 816
0 120 380 381
0 120 36 571
0 120 187 740
0 120 869 954
28 33 11 514
19 21 13 444
112 115 13 444
0 120 25 269
0 120 235 1045
78 79 2 694
0 120 82 165
0 120 193 819
27 28 29 159
0 120 103 108
0 120 707 1040
0 120 174 397
0 120 974 975
0 120 83 395
18 22 42 214
112 116 42 214
0 120 449 452
0 120 200 800
43 45 33 394
0 120 525 856
0 120 544 869
10 13 11 226
104 107 11 226
25 26 32 169
119 120 32 169
0 120 461 462
0 120 328 347
73 77 42 744
0 120 205 213
0 120 512 513
40 40 27 764
0 120 690 928
0 120 162 171
32 35 33 286
0 120 1041 1042
0 120 73 996
0 120 516 519
0 120 199 812
0 120 848 849
0 120 152 242
49 50 33 1045
0 120 192 809
0 120 76 1006
0 120 467 748
0 120 525 869
0 120 852 855
0 120 579 580
0 120 290 297
58 59 42 986
0 120 342 344
0 120 914 915
0 1 23 478
92 95 23 478
0 120 210 304
0 120 504 522
0 120 556 569
0 120 893 977
89 90 32 303
0 120 5 20
0 120 357 359
0 120 65 71
0 120 203 301
0 120 636 826
82 82 6 659
19 19 18 484
113 113 18 484
0 120 649 652
0 120 748 860
0 120 693 924
0 120 706 1043
62 68 11 481
0 120 401 407
0 120 206 311
0 120 700 703
27 28 4 478
120 120 4 478
79 81 42 590
0 120 561 660
3 6 15 492
96 99 15 492
88 91 18 497
16 18 4 599
110 112 4 599
0 120 124 664
0 120 36 551
11 11 4 190
105 105 4 190
0 120 127 669
0 120 830 1055
8 10 42 302
102 104 42 302
0 120 190 200
0 120 541 543
0 120 123 555
0 40 13 15
59 120 13 15
0 120 623 841
0 120 16 20
0 120 350 719
43 43 27 852
0 120 806 819
0 120 0 835
63 63 22 508
0 120 91 199
0 120 589 592
0 120 118 561
0 120 300 309
0 120 747 769
0 120 217 311
48 49 15 96
0 120 87 201
0 120 787 841
0 120 581 593
0 120 600 606
0 120 652 653
0 120 830 1068
0 120 363 370
0 120 382 383
0 120 197 746
0 120 772 834
0 120 252 273
0 120 288 312
0 120 221 322
0 120 307 325
73 73 4 553
0 120 213 318
51 51 18 222
0 120 666 672
0 120 863 957
22 24 32 391
116 118 32 391
0 120 1053 1054
0 120 98 107
7 8 6 518
101 102 6 518
26 27 22 871
0 120 740 742
83 85 4 36
0 120 198 804
57 58 15 459
0 120 191 1030
0 120 1068 1074
35 36 27 698
0 120 850 851
13 14 27 289
107 108 27 289
31 32 33 220
0 120 868 905
0 120 156 699
0 120 202 815
0 120 211 226
0 120 345 980
0 120 68 177
0 120 263 273
72 75 42 799
0 120 531 847
86 86 22 475
0 120 204 223
0 120 462 747
0 120 170 984
0 120 388 389
0 120 46 51
0 120 48 60
53 53 13 1042
0 120 602 619
0 120 640 645
0 120 708 1045
0 120 411 413
0 120 892 982
0 120 542 869
0 120 83 175
0 120 624 642
0 120 341 699
0 120 346 1043
0 120 0 406
0 120 747 749
39 45 6 485
0 120 521 522
0 120 526 866
0 120 162 998
0 120 449 762
0 120 402 421
0 120 522 523
0 120 220 301
0 120 530 872
84 85 6 1015
0 120 825 1054
0 120 59 60
0 120 185 199
0 120 66 1002
72 74 33 596
0 120 0 419
3 4 11 657
96 97 11 657
0 120 8 14
0 120 153 1006
0 120 145 248
5 8 21 478
98 102 21 478
0 120 623 775
0 120 769 866
0 120 343 349
0 120 710 1045
0 120 583 595
23 27 33 308
117 120 33 308
51 52 13 70
0 120 339 908
44 45 18 35
0 120 148 150
36 36 29 953
11 13 2 441
105 107 2 441
0 120 857 955
0 120 336 960
0 120 353 375
0 120 985 997
0 120 0 782
19 20 27 390
113 114 27 390
0 120 192 723
1 4 13 492
95 98 13 492
0 120 189 797
48 49 33 141
0 120 206 212
0 120 258 259
0 120 549 551
0 120 738 1012
0 120 218 222
0 120 151 1035
0 120 550 552
0 120 98 800
0 120 261 269
11 11 32 217
104 105 32 217
0 120 885 887
0 120 424 448
0 120 341 908
0 120 784 840
0 120 99 737
0 120 55 56
0 120 28 39
0 120 88 90
80 81 2 804
0 120 660 661
77 80 18 519
0 120 97 812
0 120 309 323
0 120 28 569
0 120 187 742
0 120 970 971
22 24 11 516
116 117 11 516
0 120 154 156
0 120 71 158
0 120 157 984
0 120 95 106
0 120 143 1049
0 120 87 102
0 120 166 395
0 120 438 445
0 120 457 458
48 48 33 396
0 120 109 800
90 90 2 408
17 19 29 282
111 113 29 282
0 120 140 1052
0 120 556 558
0 120 902 966
0 120 156 996
20 22 33 288
114 116 33 288
56 57 13 459
0 120 764 852
0 120 694 936
0 120 191 810
0 120 807 813
0 120 877 914
0 120 797 805
0 120 192 811
0 120 61 62
0 120 337 1049
0 120 508 522
0 120 280 286
73 74 2 650
0 120 235 1001
0 120 768 863
0 120 854 866
22 23 4 467
116 117 4 467
84 86 42 579
50 52 22 484
0 120 397 398
0 120 674 935
0 120 286 301
0 120 628 824
0 120 276 293
0 120 713 1048
18 19 4 588
113 113 4 588
0 120 155 232
0 120 980 983
0 120 419 421
56 58 33 880
0 120 69 79
0 120 748 862
50 57 11 483
106 106 11 74
0 120 183 186
0 120 755 757
0 120 625 1056
24 24 22 906
118 118 22 906
0 120 625 647
0 120 883 942
0 120 462 769
74 76 27 203
0 120 131 669
52 53 33 134
0 120 459 471
0 120 535 875
0 120 238 243
0 120 277 314
0 120 116 662
6 8 4 192
100 101 4 192
0 120 759 768
0 120 830 1057
7 10 27 324
101 104 27 324
0 120 481 494
0 120 623 843
39 42 2 267
0 120 119 672
75 76 21 137
0 120 315 318
13 15 1 42
108 109 1 42
0 120 531 882
0 120 0 837
0 120 564 650
0 120 264 272
0 120 984 1007
0 120 256 268
39 41 33 376
66 78 27 36
36 36 32 151
25 30 21 487
119 120 21 487
0 120 161 381
0 120 301 312
39 42 42 317
0 120 663 664
0 120 728 1022
0 120 627 827
0 120 355 368
0 120 954 956
0 120 706 711
92 92 6 1037
0 120 564 663
46 48 13 789
0 120 729 730
0 120 869 890
0 120 990 1000
3 7 33 209
97 101 33 209
57 57 15 978
0 120 890 949
21 24 21 500
115 118 21 500
0 120 351 375
0 120 856 956
0 120 68 166
0 120 70 392
0 120 493 495
0 7 42 559
91 101 42 559
49 51 4 267
0 120 77 171
0 120 1064 1070
0 120 80 176
0 120 1057 1067
4 7 29 216
98 101 29 216
0 120 755 845
73 75 21 212
0 120 840 1069
0 120 515 518
0 120 875 910
0 120 37 565
0 120 96 800
0 120 181 987
0 120 289 291
24 26 27 291
118 119 27 291
0 120 342 977
0 120 52 55
0 120 871 912
0 120 334 973
14 14 15 582
0 120 469 752
6 6 4 689
99 100 4 689
0 120 326 331
0 120 34 43
0 120 773 791
56 57 33 981
0 120 913 914
0 120 696 916
0 120 462 749
0 120 344 348
0 120 388 391
0 120 343 914
0 120 117 571
0 0 2 355
91 94 2 355
0 120 235 706
0 120 84 165
0 120 48 62
0 120 704 1041
50 51 42 284
0 120 869 965
0 120 602 621
0 120 546 869
107 107 11 296
0 120 155 984
0 120 44 64
35 35 29 350
0 120 142 227
61 62 42 1043
25 25 22 719
119 119 22 719
0 120 0 408
0 120 167 176
0 120 802 803
0 120 146 992
0 120 126 668
23 24 29 1001
117 118 29 1001
13 13 33 297
107 107 33 297
0 120 241 1000
54 54 29 592
0 120 862 938
0 120 875 877
0 120 26 28
0 120 878 882
0 120 0 421
0 120 598 604
0 120 623 777
0 120 73 81
0 120 303 314
0 120 547 940
57 58 33 539
15 19 33 310
109 113 33 310
0 120 302 318
0 1 11 371
20 23 11 371
86 95 11 371
113 116 11 371
118 118 11 371
0 120 926 936
0 120 409 417
53 57 6 441
0 120 188 189
0 120 287 311
0 120 919 933
0 120 191 194
0 120 215 322
0 120 280 308
77 79 32 206
4 5 23 502
98 98 23 502
0 120 0 784
0 120 424 437
0 120 484 488
54 55 27 621
0 120 561 671
0 120 775 780
0 120 202 738
0 120 125 671
1 3 6 454
95 96 6 454
0 120 188 202
0 120 182 796
0 120 531 541
0 120 849 850
0 120 656 657
0 120 116 563
0 120 55 58
40 45 29 680
47 48 29 680
0 120 736 1030
0 120 217 322
0 120 557 570
0 120 331 981
0 120 601 613
0 120 889 900
0 120 78 163
0 120 723 724
0 120 25 273
0 120 453 454
11 14 29 392
105 108 29 392
0 120 686 921
0 120 532 863
0 120 438 447
0 120 753 867
0 120 898 962
0 120 77 998
0 120 67 167
0 120 718 1031
30 31 27 997
0 120 70 172
0 120 803 809
0 120 902 968
0 120 346 979
0 120 855 856
0 120 529 871
0 120 856 857
0 120 235 244
0 120 859 862
0 120 586 587
0 120 559 570
0 120 578 583
8 16 22 365
18 23 22 365
28 34 22 365
101 117 22 365
51 52 32 415
61 61 2 652
0 120 501 521
0 120 633 640
0 120 685 687
50 50 42 172
0 120 987 988
0 120 893 981
0 120 338 350
0 120 702 1041
0 120 535 864
0 120 152 717
14 16 18 488
108 110 18 488
0 120 894 982
0 120 553 652
33 34 27 722
0 120 289 313
47 53 11 485
11 14 27 313
105 108 27 313
0 120 352 369
0 120 524 890
0 120 348 893
0 120 174 1006
0 120 464 467
0 120 752 754
0 120 703 712
19 21 4 711
112 116 4 711
0 120 463 471
0 120 537 945
0 120 1046 1051
0 120 526 527
0 120 462 771
20 21 11 606
24 27 11 606
78 93 11 606
114 115 11 606
117 120 11 606
16 18 22 90
110 111 22 90
0 120 995 1005
0 120 987 1001
0 120 530 533
0 120 455 768
11 11 4 832
104 105 4 832
0 120 821 825
0 120 779 828
18 18 12 18
31 31 12 18
34 53 12 18
55 55 12 18
57 69 12 18
72 72 12 18
112 112 12 18
0 120 584 589
0 120 830 1059
48 49 42 306
0 120 481 496
0 120 860 938
0 120 783 834
0 120 185 1028
0 120 31 561
0 120 221 313
0 120 359 363
0 120 0 839
0 120 658 659
83 84 2 1028
0 120 599 609
0 120 651 656
12 13 4 1074
106 107 4 1074
0 120 169 387
42 42 6 509
0 120 643 1066
81 82 4 27
30 31 27 159
0 120 32 274
0 120 885 944
0 0 21 610
3 3 21 610
7 7 21 610
43 43 21 610
47 65 21 610
82 90 21 610
92 94 21 610
96 97 21 610
101 101 21 610
0 120 717 722
0 120 304 324
0 120 200 1026
0 120 938 955
0 120 564 665
62 62 23 161
0 120 437 444
0 120 160 395
0 120 1061 1062
9 14 21 502
103 108 21 502
0 120 900 964
0 120 743 1017
0 120 204 214
0 120 770 854
0 120 720 1033
0 120 904 970
0 120 857 858
85 89 29 218
0 120 330 969
0 120 858 859
0 120 38 568
0 120 1053 1071
0 120 60 61
0 120 44 53
0 120 469 754
47 47 18 818
0 120 461 750
7 7 4 920
101 101 4 920
0 120 255 273
0 120 502 522
0 120 696 918
47 49 42 394
0 120 734 1030
56 57 15 705
42 43 32 120
47 47 32 120
60 60 32 120
0 120 285 300
0 120 235 708
4 5 4 812
98 99 4 812
0 120 895 983
0 120 182 818
0 120 154 985
38 38 42 286
50 51 15 826
0 120 753 755
0 120 530 863
0 120 750 866
0 120 376 396
0 120 880 981
0 120 166 177
0 120 536 942
0 120 517 520
0 120 0 410
0 120 453 764
50 50 33 178
28 32 6 489
0 120 237 996
0 120 526 870
19 20 22 842
113 114 22 842
0 120 513 522
0 120 820 822
0 120 960 982
0 120 812 818
0 120 336 709
0 120 292 294
86 90 22 433
0 120 864 865
0 120 805 815
31 32 32 74
0 120 505 523
0 120 676 935
0 120 797 816
0 120 786 1066
0 120 714 1047
0 120 142 1001
0 120 931 932
0 120 241 714
79 81 29 306
27 27 23 491
0 120 242 715
0 120 0 773
0 120 179 1004
7 9 11 782
101 103 11 782
19 23 33 312
113 117 33 312
0 120 637 1064
0 120 219 322
13 14 11 144
107 108 11 144
62 64 2 553
0 120 788 824
0 120 1048 1049
0 120 760 762
0 120 229 717
0 120 358 373
0 120 490 492
39 39 13 604
62 65 33 433
0 120 888 947
0 120 781 821
80 83 32 208
0 120 291 319
0 120 193 799
89 92 23 504
0 120 0 786
0 120 129 671
85 88 42 374
0 120 113 663
21 23 22 279
115 117 22 279
0 120 214 220
55 55 15 914
0 120 827 829
0 120 266 267
0 120 557 559
61 61 21 27
0 120 754 844
0 120 320 323
0 120 892 894
0 120 163 376
0 120 531 543
0 120 778 792
45 47 27 515
53 56 11 507
0 120 90 800
15 17 13 437
109 111 13 437
0 120 25 262
0 120 615 621
0 120 526 958
118 118 4 504
0 120 177 395
0 120 864 953
0 120 624 626
0 120 776 840
0 120 616 622
42 44 33 158
0 120 74 159
0 120 327 339
0 120 178 396
57 57 15 747
0 120 398 399
82 84 15 518
70 71 18 523
10 11 4 625
104 105 4 625
0 120 89 812
0 120 726 1024
0 120 349 1037
0 120 536 863
0 120 434 443
0 120 453 456
0 120 1025 1027
0 120 871 969
0 120 158 395
0 120 905 967
34 37 42 220
0 120 192 802
54 54 32 584
0 120 160 175
0 120 272 273
0 120 519 522
0 120 909 973
64 65 42 979
0 120 147 241
0 120 873 907
0 120 803 811
0 120 847 854
0 120 764 856
0 120 463 748
0 120 547 863
0 120 500 522
0 120 227 1001
0 32 15 593
35 36 15 593
39 39 15 593
66 85 15 593
88 120 15 593
86 87 6 773
0 120 282 299
0 120 326 342
91 92 6 135
54 56 27 603
0 120 415 419
3 6 32 309
97 100 32 309
36 50 29 649
53 64 29 649
0 120 752 864
0 120 636 1061
23 24 29 240
117 118 29 240
0 120 171 998
6 9 18 490
100 103 18 490
0 120 408 416
39 39 27 953
0 120 762 764
0 120 346 706
0 120 112 130
0 120 763 765
9 12 1 33
102 106 1 33
0 120 224 307
0 120 0 828
0 120 624 835
0 120 102 201
41 44 32 551
52 52 32 551
56 56 32 551
58 73 32 551
76 76 32 551
85 88 27 207
0 120 786 833
0 120 268 269
0 120 31 671
18 19 6 498
112 113 6 498
0 120 633 776
27 31 42 308
50 52 23 29
0 120 122 565
0 120 246 717
20 22 18 444
114 116 18 444
0 120 97 737
0 120 825 1067
0 120 0 841
0 120 200 1015
0 120 333 721
61 65 11 441
0 120 887 898
31 36 21 491
29 31 6 511
0 120 134 139
0 120 172 394
78 79 4 29
0 120 77 162
0 120 80 167
0 120 662 672
0 120 769 771
82 85 29 207
0 120 854 958
55 55 23 801
0 120 746 1016
0 120 130 555
0 120 72 168
1 4 22 576
41 85 22 576
87 89 22 576
91 93 22 576
95 96 22 576
0 120 107 800
37 37 32 1035
20 22 27 282
113 116 27 282
0 3 33 213
93 97 33 213
0 120 678 917
0 120 492 498
42 46 29 737
1 6 21 504
94 100 21 504
0 120 76 174
0 120 347 903
0 120 719 1034
56 59 4 271
0 120 0 795
54 54 13 914
0 120 627 1073
0 120 762 852
0 120 673 923
0 120 566 568
0 3 2 346
95 97 2 346
67 69 29 220
0 120 259 273
0 120 113 564
0 120 869 956
0 120 82 985
0 120 38 570
0 120 602 612
50 51 13 397
0 120 328 1046
0 120 469 756
30 31 29 341
0 120 175 395
4 5 2 58
98 99 2 58
51 53 42 396
0 120 145 1046
56 56 13 747
81 82 13 518
0 120 87 812
0 120 235 710
0 120 86 996
0 120 277 298
0 120 170 172
0 120 149 1052
0 120 688 921
60 60 6 478
62 62 6 478
0 120 465 763
0 120 165 996
0 120 410 418
0 120 462 465
0 120 684 923
6 6 2 480
100 100 2 480
0 120 782 820
0 0 4 117
92 94 4 117
0 120 809 810
0 120 517 522
0 120 0 412
0 120 676 695
0 120 244 1001
0 120 134 986
0 120 860 861
0 120 1011 1030
24 26 29 66
118 120 29 66
0 120 248 1007
0 120 196 817
59 59 33 939
0 120 138 238
0 120 292 296
51 52 33 710
31 34 33 301
0 13 14 22
28 49 14 22
62 62 14 22
66 67 14 22
70 71 14 22
74 78 14 22
84 107 14 22
113 115 14 22
0 120 219 311
0 120 587 594
0 120 141 248
0 120 245 714
69 72 6 432
0 120 70 75
0 120 930 933
0 120 657 658
0 120 13 593
0 120 598 608
64 67 4 251
0 120 705 707
0 120 218 323
0 120 129 660
0 120 0 775
0 120 569 666
46 46 29 838
0 120 986 991
0 120 760 764
8 8 2 447
101 102 2 447
13 15 29 321
107 108 29 321
0 120 502 504
0 120 790 791
0 120 793 1062
56 56 23 735
85 88 23 506
0 120 100 201
0 120 254 259
0 120 993 1007
50 53 22 510
0 120 761 849
0 120 1055 1067
7 9 27 216
101 103 27 216
11 12 11 388
105 106 11 388
7 8 4 1023
101 102 4 1023
0 120 642 785
0 120 601 604
0 120 320 325
0 120 619 621
0 120 531 545
0 120 778 794
0 120 338 904
49 52 11 509
0 120 181 395
80 80 2 918
54 54 18 1042
0 120 604 614
0 120 376 378
0 120 605 615
7 11 42 209
101 105 42 209
0 120 827 1073
53 54 13 331
0 120 733 1029
0 120 327 341
0 120 387 392
0 120 85 170
0 120 170 394
74 76 15 520
0 120 390 397
0 120 156 230
0 120 326 907
0 120 78 396
0 120 600 621
0 120 162 395
38 38 27 350
28 31 33 281
0 120 868 966
0 120 426 441
0 120 871 971
15 18 32 285
109 112 32 285
0 120 232 984
63 63 23 990
0 120 1 297
0 120 894 960
0 120 65 992
0 120 906 970
0 120 139 239
120 120 27 1001
0 120 682 932
0 120 145 993
56 58 27 592
0 120 104 812
0 120 151 249
0 120 764 858
0 120 804 814
0 120 771 866
0 120 1 310
0 120 68 71
0 120 807 819
0 120 499 523
48 50 32 1057
0 120 630 634
75 79 11 476
0 120 214 310
55 56 15 1004
0 120 333 347
0 120 404 407
0 120 120 648
0 120 193 1010
0 120 633 644
0 120 709 1048
0 120 844 864
0 120 84 996
0 120 189 1012
0 120 689 926
0 120 455 759
0 120 628 830
2 5 18 492
96 99 18 492
63 63 42 706
24 26 23 427
118 120 23 427
4 13 22 611
19 22 22 611
28 40 22 611
97 106 22 611
114 114 22 611
0 120 751 757
0 120 98 1015
0 120 640 1069
0 120 887 946
27 30 2 260
0 120 232 722
0 120 75 1004
0 120 455 471
0 120 31 552
4 4 4 306
31 83 4 306
87 87 4 306
91 91 4 306
0 120 0 830
0 120 9 12
32 33 32 144
93 93 6 909
0 120 821 1058
0 120 532 955
0 120 534 885
0 120 260 267
31 34 23 440
0 120 592 597
0 120 872 880
0 120 830 1063
19 23 42 310
113 117 42 310
0 120 355 361
0 120 337 901
40 41 13 252
0 120 93 95
47 49 29 605
37 38 15 441
0 120 304 315
0 120 296 311
0 120 315 324
0 120 31 565
0 120 367 371
0 120 224 322
0 120 0 843
0 120 3 323
0 120 775 839
0 120 109 1015
84 88 11 443
0 120 300 317
0 120 632 790
0 120 599 613
44 47 21 493
25 28 6 513
119 120 6 513
0 120 1002 1003
0 2 4 669
94 96 4 669
0 120 732 733
48 53 27 801
0 120 3 215
0 120 346 963
60 61 42 143
0 120 646 1075
56 57 18 459
0 120 488 494
0 120 746 1018
0 120 655 671
0 120 180 378
0 120 190 800
0 120 499 503
0 120 218 224
0 120 259 262
0 120 184 1022
0 120 772 783
0 120 211 221
0 120 271 272
0 120 143 989
0 120 751 845
0 120 176 385
0 120 336 337
0 120 885 961
0 120 139 991
0 120 34 566
0 3 29 222
94 97 29 222
0 120 617 621
0 120 340 343
62 63 42 915
13 45 4 394
106 114 4 394
117 120 4 394
0 120 635 791
0 120 142 1038
34 35 32 232
0 120 91 812
0 120 738 739
55 56 42 398
0 120 723 1025
0 120 0 401
0 120 968 972
0 120 96 109
56 56 15 938
48 51 6 480
0 120 680 919
0 120 111 124
0 120 451 458
0 120 548 884
0 120 152 246
2 3 4 119
96 97 4 119
0 120 457 473
0 120 233 994
0 120 75 179
0 120 449 469
0 120 0 414
0 120 338 1047
0 120 860 863
0 120 280 288
0 120 216 303
79 80 4 649
0 120 801 813
0 120 872 873
0 120 778 829
82 84 42 352
0 120 295 303
19 19 11 544
48 48 15 663
0 120 365 367
0 120 409 410
0 120 558 654
0 120 128 661
0 120 702 704
0 120 551 651
0 120 149 720
0 120 0 777
0 120 435 439
0 120 476 477
0 120 546 950
0 120 206 207
0 120 211 322
30 34 21 427
0 120 996 1006
50 52 6 447
0 120 96 1015
0 120 207 208
0 120 427 440
0 120 531 943
0 120 210 213
15 15 11 907
109 109 11 907
0 120 869 938
0 120 346 897
0 120 198 733
0 120 781 825
0 120 184 197
0 120 491 497
0 120 1063 1068
31 31 2 269
0 120 741 1017
0 120 540 847
0 120 273 274
0 120 265 270
46 49 22 512
0 120 127 565
36 36 32 971
0 120 283 324
0 120 36 38
0 120 608 609
89 92 27 218
37 42 21 440
4 6 6 51
97 100 6 51
112 112 22 404
36 42 11 511
0 120 173 393
0 120 101 813
0 120 253 273
0 120 235 1042
0 120 227 1038
0 120 885 895
25 26 29 156
119 120 29 156
0 120 699 1033
0 120 213 322
9 10 4 99
102 104 4 99
0 120 167 391
0 120 159 387
0 120 66 159
0 120 387 394
0 120 85 172
0 120 390 399
91 93 29 277
0 120 442 446
0 120 1010 1016
46 46 15 113
0 120 741 742
0 120 205 210
0 120 504 506
0 120 110 121
0 120 868 968
26 27 29 1036
120 120 29 1036
0 120 71 395
0 120 683 922
0 120 529 864
0 120 876 908
0 120 532 869
0 120 714 1031
19 22 33 224
112 116 33 224
0 120 560 564
0 120 511 522
0 120 563 569
0 120 345 346
77 80 22 479
0 120 569 648
0 120 302 304
0 120 230 1039
40 41 32 529
0 120 626 630
0 120 917 922
0 120 796 812
0 120 356 360
0 120 339 716
0 120 705 1039
0 120 400 403
0 120 551 572
67 71 11 478
0 120 214 312
83 84 27 306
0 120 101 1009
0 120 360 366
0 120 632 645
79 80 21 757
0 120 123 130
0 120 136 249
0 120 463 464
0 120 334 350
55 55 13 938
53 55 42 178
0 120 197 1018
0 120 189 1014
0 120 987 994
0 120 885 983
0 120 478 479
52 53 15 309
0 120 344 893
0 120 911 977
0 120 163 180
21 21 27 319
115 115 27 319
0 120 137 716
0 120 234 240
0 120 544 954
12 13 11 311
0 120 991 1005
0 120 39 558
0 120 482 490
0 120 740 1014
0 120 474 486
0 120 0 832
0 120 229 246
0 120 0 423
0 120 332 896
76 81 11 432
0 120 230 247
0 120 86 382
40 40 27 970
0 120 12 24
0 120 31 37
23 27 42 312
117 120 42 312
79 81 22 446
0 120 547 942
0 120 189 739
86 86 2 733
0 120 252 270
0 120 328 903
0 120 137 140
84 86 4 550
0 120 89 737
0 120 825 1071
0 120 85 394
6 11 33 204
100 104 33 204
0 120 728 729
0 120 524 850
45 46 15 564
0 120 339 1033
0 120 326 722
17 21 6 515
110 115 6 515
0 120 196 1021
0 120 848 947
0 120 889 948
0 120 77 395
0 120 209 322
27 30 33 325
0 120 506 508
0 120 137 153
0 120 191 1027
12 13 4 792
106 107 4 792
0 120 499 505
0 120 207 217
0 120 184 1024
0 120 270 273
23 24 22 171
116 118 22 171
0 120 561 565
0 120 868 902
0 120 538 847
0 120 766 854
76 77 21 328
0 120 344 981
0 120 200 744
0 120 179 392
0 120 117 566
0 120 277 289
8 9 4 805
102 103 4 805
0 120 329 336
0 120 173 991
0 120 251 273
31 31 32 234
0 120 332 346
3 5 4 926
97 98 4 926
0 120 6 590
0 120 122 127
0 120 153 231
0 120 537 751
40 40 32 764
0 120 0 403
0 120 150 985
0 120 10 596
44 44 13 113
0 120 876 976
0 120 469 472
0 120 534 867
0 120 461 468
52 55 6 482
0 120 78 178
0 120 157 242
0 120 243 245
0 120 910 974
0 120 348 712
0 120 468 750
0 120 509 522
87 88 2 834
0 120 871 874
0 120 310 312
0 120 598 599
5 8 29 299
98 101 29 299
0 120 778 831
0 120 528 885
0 120 472 761
23 23 32 80
117 117 32 80
71 72 21 416
78 78 21 946
0 120 431 435
0 120 432 436
0 120 0 779
0 120 850 949
0 120 891 950
0 120 476 479
0 120 637 1070
0 2 15 498
92 95 15 498
0 120 788 830
0 120 490 498
0 120 346 899
0 120 131 565
0 120 700 722
47 50 2 271
35 39 2 42
0 120 475 491
0 120 647 832
0 120 349 909
35 37 22 514
0 120 335 336
0 120 544 855
0 120 530 957
0 120 257 273
0 120 328 333
0 120 111 564
0 120 148 1040
0 120 36 570
0 120 600 612
0 120 226 322
0 120 729 1022
0 120 611 621
0 120 830 1074
61 63 33 501
0 120 94 102
0 120 173 395
0 120 25 268
0 120 235 1044
0 120 885 897
0 120 87 737
87 88 6 403
41 42 27 871
0 120 864 959
0 120 564 667
4 6 42 213
98 100 42 213
44 44 13 564
0 120 209 210
0 120 340 1038
0 120 69 989
0 120 67 391
0 120 878 978
0 120 504 508
0 120 792 795
0 120 528 865
46 48 4 42
34 35 32 698
57 60 27 354
0 120 140 231
12 14 32 289
106 108 32 289
0 120 686 929
93 93 4 572
0 120 515 522
23 24 22 998
117 118 22 998
53 54 33 1044
0 120 279 282
0 120 192 808
85 85 2 1056
28 29 27 66
0 120 232 700
0 120 83 986
0 120 900 979
0 120 195 818
68 73 22 481
0 120 677 678
44 47 29 642
0 120 188 815
0 120 577 590
0 120 629 637
0 120 155 229
0 120 50 63
24 25 42 288
118 119 42 288
67 68 42 59
0 120 748 859
54 61 11 480
48 48 13 410
0 120 401 406
0 120 112 123
56 57 2 251
54 57 29 354
63 64 23 948
59 61 23 310
0 120 72 86
0 120 0 821
0 120 91 185
0 120 462 766
0 120 1003 1004
0 120 882 943
0 120 186 193
0 120 543 876
0 120 810 811
0 120 241 245
0 120 345 711
63 63 42 939
12 13 12 13
18 18 12 13
24 43 12 13
47 50 12 13
54 54 12 13
56 72 12 13
106 106 12 13
119 120 12 13
35 38 42 301
0 120 289 321
0 120 90 1015
0 120 182 195
14 15 11 722
108 108 11 722
0 120 242 246
15 18 27 321
109 112 27 321
0 120 824 830
0 120 16 19
0 120 111 665
17 17 18 437
111 111 18 437
0 120 639 821
0 120 182 725
0 120 531 879
0 120 825 1060
0 120 0 834
0 120 234 1001
0 120 798 814
0 120 536 548
0 120 308 312
90 91 11 434
0 120 8 20
0 120 319 321
0 120 115 671
0 120 931 934
0 120 370 372
0 120 216 314
0 120 414 415
0 120 584 597
0 120 603 610
0 120 883 893
0 120 635 828
56 57 42 134
0 120 80 389
44 45 32 498
39 41 33 85
24 27 15 445
118 120 15 445
81 82 2 97
0 120 628 788
76 78 4 552
0 120 998 1001
0 120 74 387
4 4 11 676
98 98 11 676
59 60 11 447
18 20 32 390
112 114 32 390
0 120 65 158
0 120 821 1075
0 120 793 833
60 64 4 264
0 120 0 788
0 120 204 209
0 120 215 218
0 0 13 498
91 94 13 498
22 23 27 167
116 117 27 167
0 120 337 967
0 120 103 800
78 78 21 847
0 120 149 1032
52 53 18 283
0 120 499 507
0 120 551 554
0 120 429 448
0 120 281 284
0 120 104 737
0 120 546 853
0 120 211 225
0 120 102 812
0 120 10 585
0 120 117 568
0 120 777 843
0 120 634 794
0 120 350 1035
0 120 457 752
0 120 171 395
32 33 42 281
55 55 13 861
19 19 29 985
113 113 29 985
0 120 141 1046
19 20 29 167
112 114 29 167
0 120 735 738
85 86 4 110
0 120 0 405
0 120 167 173
0 120 161 996
0 120 159 169
0 120 461 470
0 120 238 992
0 120 164 1006
0 120 240 1001
0 120 222 309
0 120 576 578
0 120 306 308
0 120 878 879
48 49 32 1008
0 120 236 1003
0 120 332 711
0 0 6 955
94 94 6 955
0 120 598 601
0 120 582 593
22 24 23 486
116 118 23 486
0 120 710 1044
50 50 27 785
0 120 364 370
0 120 132 658
12 15 33 307
105 109 33 307
0 120 294 311
0 120 945 946
0 120 365 371
0 120 222 322
0 120 117 126
0 120 125 655
0 120 996 997
46 47 6 438
49 49 6 438
0 120 72 383
0 120 107 1015
0 120 919 930
0 120 279 304
38 39 27 906
0 120 358 368
0 120 146 714
0 120 640 840
0 120 183 1010
36 39 11 489
74 75 32 203
0 0 29 314
90 94 29 314
0 120 290 318
0 120 534 944
83 83 6 559
0 120 625 833
0 120 985 996
0 120 0 781
0 120 638 772
89 92 42 369
0 120 569 672
0 120 354 375
7 10 32 324
101 104 32 324
54 55 18 914
58 60 21 431
0 120 190 1026
64 64 23 849
0 120 226 311
79 82 6 42
0 120 28 555
39 39 32 854
0 5 33 261
8 8 33 261
91 99 33 261
0 120 261 268
0 120 885 886
0 120 305 311
0 120 604 607
0 120 35 41
0 120 774 789
0 120 124 564
0 120 891 965
0 120 333 903
0 120 616 617
0 120 47 51
3 6 27 222
97 100 27 222
35 35 29 906
56 57 18 747
81 84 18 518
0 120 881 893
0 120 91 737
0 120 36 572
0 120 737 1028
22 25 13 445
116 119 13 445
0 120 445 447
0 35 2 286
38 65 2 286
69 70 2 286
72 120 2 286
25 25 29 389
119 119 29 389
0 120 143 1048
0 120 205 322
0 120 1018 1019
81 83 17 42
0 120 874 974
0 120 1072 1075
0 120 511 513
0 2 21 506
91 95 21 506
0 120 875 975
66 69 33 745
46 46 11 577
57 57 11 577
66 66 11 577
70 70 11 577
34 34 27 176
24 25 32 291
118 119 32 291
0 120 5 8
20 25 4 983
114 118 4 983
0 120 848 850
0 120 331 703
0 120 567 571
0 120 234 1036
0 120 175 986
69 70 2 649
0 120 141 993
0 120 100 812
0 120 144 998
0 43 18 593
58 120 18 593
0 120 293 303
0 120 353 354
57 60 22 483
0 120 187 816
0 120 701 1037
0 120 238 1047
72 75 13 520
0 120 154 230
0 120 702 1038
0 120 629 639
0 120 1 316
0 120 628 823
0 120 408 411
0 120 748 861
0 120 343 1041
0 120 134 1047
0 120 193 1016
0 120 403 417
0 120 755 756
0 120 474 477
0 120 0 823
0 120 984 993
0 120 454 764
45 49 27 431
73 76 33 362
0 120 987 998
0 120 766 770
0 120 697 936
0 120 535 874
0 120 477 487
0 120 540 952
0 120 326 700
0 120 400 420
54 55 33 892
33 44 12 15
60 69 12 15
73 73 12 15
64 66 42 532
0 120 524 949
0 120 623 842
0 120 876 879
0 120 636 781
0 120 81 379
0 120 111 667
0 120 0 836
0 120 118 562
0 120 79 82
27 32 21 486
0 120 821 1064
0 120 109 190
0 120 634 829
0 120 185 737
0 120 381 383
54 54 18 331
0 120 292 311
30 30 22 450
0 120 80 391
5 5 11 557
98 99 11 557
0 120 220 322
8 10 33 316
102 104 33 316
0 120 885 941
0 120 164 390
32 34 15 447
0 120 425 431
0 120 436 440
68 68 21 198
0 120 480 483
0 120 990 999
0 120 855 954
0 120 429 437
53 54 32 621
0 120 76 398
26 26 21 499
120 120 21 499
8 73 2 220
77 79 2 220
88 91 2 220
102 120 2 220
82 86 29 323
0 120 650 670
81 84 23 508
53 55 4 266
0 120 0 790
0 120 484 494
0 120 503 507
4 5 11 570
97 99 11 570
0 120 147 988
0 120 698 719
90 93 29 215
0 120 327 1040
0 120 195 741
0 120 262 273
0 120 869 951
0 120 281 286
0 120 888 964
0 120 244 1042
0 120 339 1050
0 120 185 812
3 12 6 352
14 16 6 352
73 73 6 352
76 78 6 352
88 88 6 352
97 106 6 352
108 109 6 352
0 120 873 957
0 120 916 918
0 120 734 1027
47 47 15 931
0 120 711 1043
0 120 406 407
0 120 549 572
0 120 895 980
0 120 48 61
0 120 465 758
0 120 143 707
0 120 454 456
0 120 742 743
0 120 348 703
0 120 623 642
22 24 29 169
116 118 29 169
0 120 122 131
29 30 32 997
0 120 233 987
22 26 42 224
116 120 42 224
0 120 0 407
0 120 676 690
0 120 520 522
0 120 169 1002
28 29 29 699
0 120 280 281
0 120 145 236
79 81 21 466
0 120 510 514
0 120 67 173
0 120 873 911
10 13 23 475
103 107 23 475
0 120 564 570
0 120 162 181
0 120 874 875
0 120 464 748
0 120 138 992
0 120 576 580
0 47 15 18
49 55 15 18
57 120 15 18
0 120 527 952
0 120 351 354
86 89 29 303
0 120 870 882
0 120 653 655
0 120 364 372
33 33 32 722
0 120 882 892
11 14 32 313
105 108 32 313
11 13 15 489
104 107 15 489
32 32 29 954
46 47 33 250
0 120 431 439
32 34 2 33
0 120 207 322
0 120 405 423
87 90 42 371
0 120 864 937
0 120 748 762
0 120 744 1020
0 120 120 555
0 120 553 671
0 120 1059 1068
60 60 42 83
0 120 525 954
0 120 871 953
0 120 585 596
24 26 2 275
118 120 2 275
9 10 4 730
103 104 4 730
0 120 35 43
0 120 947 948
11 14 42 204
105 108 42 204
0 120 28 40
0 120 136 1034
0 120 948 949
0 120 907 911
29 30 32 159
0 120 726 1021
28 30 4 442
31 34 42 325
0 120 603 621
0 120 346 965
31 32 13 447
49 51 15 636
20 22 29 391
114 116 29 391
0 120 350 971
0 120 108 800
0 120 205 324
0 120 148 985
0 120 745 746
0 120 68 992
87 91 21 508
0 120 76 178
0 120 282 283
0 120 330 1034
0 120 844 846
0 120 803 808
0 120 198 814
58 58 15 878
67 68 2 121
0 120 49 53
0 120 466 750
0 120 507 522
68 69 42 459
0 120 50 54
0 120 767 863
10 10 27 299
104 104 27 299
65 66 2 651
55 55 18 1004
91 92 4 697
0 120 573 588
0 120 53 64
42 42 33 989
53 56 22 485
0 120 397 399
45 45 13 931
0 120 976 978
76 77 21 1051
89 89 2 772
0 120 577 594
0 120 138 1047
0 120 356 366
0 120 408 413
0 120 680 692
0 120 330 350
0 120 748 863
0 120 681 693
0 120 0 825
0 120 518 522
0 120 462 770
0 120 0 416
48 49 15 724
0 120 19 20
15 21 21 475
109 115 21 475
15 15 4 831
109 109 4 831
0 120 189 202
0 120 540 545
44 45 23 435
0 120 12 17
0 120 883 884
0 120 182 199
0 120 209 302
0 120 355 356
0 43 13 18
49 49 13 18
57 120 13 18
17 18 22 740
111 112 22 740
0 120 359 362
0 120 0 838
0 120 868 882
52 53 13 139
0 120 79 84
0 120 155 717
0 120 950 951
0 120 110 565
0 120 242 721
26 27 22 452
120 120 22 452
0 2 33 318
95 96 33 318
9 11 13 489
103 105 13 489
0 120 717 721
0 120 851 950
0 120 133 670
0 120 488 489
0 120 89 105
0 120 635 773
90 92 33 210
0 120 1060 1065
0 120 211 216
0 120 0 792
81 85 33 560
0 120 555 556
0 120 184 729
45 46 32 515
0 120 95 800
0 120 266 273
0 120 890 891
8 10 29 217
102 104 29 217
0 120 620 621
0 120 181 988
0 120 121 565
75 75 33 681
32 38 11 513
0 120 621 622
0 120 52 56
0 120 469 753
0 120 384 386
0 120 913 915
0 120 94 812
0 120 228 1041
0 120 711 1045
0 120 117 572
55 56 18 938
0 120 450 452
0 120 326 911
0 120 143 709
44 44 27 763
59 60 33 56
0 120 753 754
0 120 225 226
0 120 334 1036
0 120 345 1045
57 57 42 1044
0 120 229 232
0 120 517 519
0 120 541 876
14 17 23 477
107 111 23 477
0 120 335 892
82 85 22 432
0 120 295 298
0 120 874 877
0 120 637 821
0 120 21 589
0 120 505 522
0 120 886 887
58 59 42 239
0 120 797 815
55 55 32 603
0 120 184 817
0 120 291 305
0 120 631 639
40 45 15 370
49 54 15 370
59 63 15 370
0 120 207 311
0 120 218 320
0 120 0 772
0 120 179 1003
100 100 11 1010
38 39 32 953
0 120 137 1006
0 120 575 594
0 120 882 894
0 120 135 142
0 120 627 641
0 120 187 189
66 68 2 552
0 120 343 702
0 120 409 418
0 120 788 823
0 120 554 656
0 120 276 303
61 65 6 442
0 120 760 761
0 120 745 1010
0 120 877 937
0 120 253 255
84 88 32 207
41 43 15 612
52 52 15 612
59 65 15 612
51 53 2 264
78 80 42 602
58 61 22 507
0 120 864 939
0 120 748 764
0 120 187 202
0 120 43 566
0 120 538 545
0 120 194 735
0 120 257 266
0 120 881 884
0 120 873 880
0 120 886 962
0 120 102 737
0 120 757 848
0 120 525 956
0 120 25 261
0 120 887 963
0 120 337 905
0 120 313 319
0 120 340 910
0 120 623 624
0 120 615 620
0 120 903 907
0 120 81 161
0 120 221 321
0 120 386 388
0 120 327 976
43 45 42 206
77 79 17 33
0 120 297 316
0 120 733 1026
9 13 6 517
103 107 6 517
0 120 80 991
45 46 18 113
76 77 2 928
19 21 32 282
113 115 32 282
0 120 912 969
0 120 683 917
0 120 497 498
0 120 870 972
75 76 2 110
0 120 897 962
0 3 2 1049
92 96 2 1049
0 120 882 982
27 30 33 219
0 120 898 963
0 120 908 976
0 120 248 1046
0 120 154 1039
0 120 470 750
0 120 77 181
0 120 855 857
0 120 147 999
0 120 139 995
0 120 618 621
0 120 57 59
0 120 140 996
0 120 500 521
0 120 393 395
0 120 640 644
0 120 731 1028
0 120 799 817
0 120 623 820
0 120 92 812
0 120 290 302
0 120 350 698
0 120 167 991
0 120 574 591
0 120 977 981
36 41 6 484
52 53 18 309
0 120 553 653
43 43 27 952
0 2 27 314
94 96 27 314
0 120 118 661
0 120 681 924
0 120 514 518
43 45 33 65
0 120 813 814
0 120 450 762
0 0 21 356
51 52 21 356
54 63 21 356
72 72 21 356
81 93 21 356
0 120 482 485
0 120 825 1053
0 120 0 827
0 120 256 258
0 120 0 418
0 120 154 247
0 120 146 243
0 120 30 31
19 25 21 477
112 119 21 477
3 3 20 23
6 19 20 23
25 54 20 23
57 59 20 23
65 88 20 23
91 91 20 23
96 97 20 23
99 102 20 23
104 106 20 23
108 113 20 23
115 115 20 23
117 117 20 23
119 120 20 23
0 120 880 881
48 49 33 78
0 120 252 265
28 31 15 438
0 120 870 952
0 120 307 317
0 120 946 947
58 58 13 370
0 120 351 365
0 120 598 614
0 120 623 787
0 120 642 837
44 45 18 564
73 75 21 81
0 120 433 434
0 120 820 843
0 120 559 659
72 75 4 257
0 120 152 155
0 120 858 955
0 120 144 151
0 120 646 1072
91 92 3 32
27 29 27 389
0 120 794 827
0 120 337 960
0 120 203 322
0 120 997 1006
74 77 29 206
0 120 428 440
0 72 42 261
77 120 42 261
0 120 739 1012
0 120 899 964
0 120 1060 1067
6 8 32 216
100 102 32 216
0 120 535 953
0 120 203 214
0 120 191 734
0 120 554 557
0 120 0 794
0 120 41 566
0 120 100 737
0 120 330 970
0 120 869 955
25 29 11 515
119 120 11 515
0 120 52 58
0 120 904 912
48 50 18 410
27 28 22 529
120 120 22 529
0 120 605 621
0 120 75 392
0 120 338 1031
0 120 96 106
8 10 11 407
102 104 11 407
0 120 329 982
37 37 32 350
58 59 15 526
0 120 749 750
0 120 410 417
0 120 1023 1026
61 64 27 356
16 18 33 287
110 111 33 287
0 120 241 990
0 120 516 520
22 22 4 754
115 117 4 754
0 120 815 816
0 120 452 764
0 120 3 300
0 120 877 913
0 120 192 810
55 57 32 592
83 84 2 191
0 120 54 58
2 5 23 479
96 99 23 479
0 120 536 884
35 38 33 300
0 120 150 705
0 120 721 1051
0 120 339 720
64 65 42 879
0 120 279 297
0 120 649 653
58 64 11 482
0 120 412 417
0 120 623 780
0 120 218 322
0 120 985 989
0 120 405 414
0 120 0 774
0 120 143 148
0 120 468 470
0 120 756 757
0 120 103 1015
0 120 561 661
0 120 645 1069
0 120 849 948
85 85 2 783
58 60 2 554
0 120 198 200
0 120 486 487
0 120 343 704
0 120 478 483
0 1 18 498
92 95 18 498
0 120 988 999
0 120 124 665
0 120 759 767
0 120 822 823
85 88 27 323
45 45 13 196
0 120 552 553
0 120 40 558
43 46 2 266
0 120 703 722
0 120 823 824
0 120 347 715
0 120 182 727
54 57 22 509
0 120 864 941
0 120 264 271
0 120 28 31
0 120 126 566
0 120 888 889
0 2 27 215
93 96 27 215
82 82 6 686
0 120 889 890
0 120 260 273
0 120 787 842
12 13 42 316
106 108 42 316
0 120 91 92
26 29 13 438
120 120 13 438
0 120 868 952
0 120 79 383
6 7 2 508
100 101 2 508
56 56 18 861
0 120 955 956
0 120 135 1037
0 120 330 904
0 120 205 315
62 62 23 338
0 120 335 982
0 120 327 978
0 120 300 323
65 74 29 274
0 120 441 447
0 120 433 443
0 120 485 490
0 120 239 986
14 15 11 341
108 109 11 341
26 27 27 169
120 120 27 169
68 70 21 1029
0 120 164 174
0 120 216 221
0 120 243 992
0 120 208 217
26 26 22 764
119 120 22 764
0 120 559 560
0 120 905 968
0 120 192 803
0 120 781 789
0 120 799 806
38 40 29 516
0 120 851 853
0 120 136 233
0 120 263 274
0 120 889 965
0 120 908 978
0 120 760 851
0 120 773 790
81 83 22 476
67 69 23 63
0 120 335 707
0 120 343 913
0 120 5 14
0 120 157 1051
0 120 389 391
0 120 340 349
0 120 499 522
0 120 181 999
0 120 228 702
0 120 250 986
89 91 27 303
0 120 799 819
0 120 404 406
0 120 716 1050
0 120 623 822
0 120 237 1052
50 51 33 993
0 120 451 752
0 120 45 64
58 58 42 175
0 120 885 980
0 120 747 750
0 120 752 865
0 120 67 991
13 14 4 413
107 108 4 413
0 120 278 307
0 120 751 756
0 120 1050 1052
1 4 2 897
96 99 2 897
0 120 530 873
46 47 33 1006
0 120 0 829
0 120 3 309
0 120 0 420
0 120 146 245
0 120 879 882
0 120 114 670
8 12 21 479
102 106 21 479
0 120 923 925
29 29 29 74
0 120 880 883
0 120 584 592
0 120 643 1056
0 0 22 443
90 94 22 443
0 120 303 313
0 120 563 654
0 120 191 1011
0 120 647 1062
0 120 73 381
23 26 18 445
117 120 18 445
89 91 6 211
0 1 42 659
69 79 42 659
83 97 42 659
0 120 990 992
2 3 11 671
96 97 11 671
0 120 847 943
0 120 192 194
0 120 351 367
0 120 216 322
90 92 4 668
0 120 994 998
0 120 414 423
0 120 432 440
0 120 0 783
23 25 27 391
117 119 27 391
0 120 192 724
80 81 13 493
0 120 794 829
0 120 93 107
0 120 106 800
0 120 1057 1059
78 81 29 208
0 120 735 1008
0 120 180 377
0 120 545 847
0 10 22 577
29 29 22 577
31 104 22 577
0 120 550 553
0 120 896 961
0 120 561 562
0 120 739 1014
0 120 631 1072
0 120 65 395
88 91 32 218
0 120 871 904
0 120 758 847
0 120 1063 1074
0 120 255 263
0 120 191 736
0 120 34 35
68 71 4 272
0 120 176 384
0 120 762 853
0 120 243 1047
0 120 727 1017
73 76 18 520
66 66 42 914
0 120 331 342
0 120 391 393
0 120 187 743
0 120 635 790
0 120 338 912
6 7 11 108
100 101 11 108
0 120 392 394
0 120 964 965
0 120 699 1039
64 66 33 806
0 120 0 400
0 120 533 863
0 120 88 104
0 120 679 688
0 120 114 650
5 5 2 180
7 7 2 180
9 10 2 180
14 22 2 180
103 104 2 180
108 113 2 180
1 3 29 283
95 97 29 283
0 120 461 465
78 80 21 50
0 120 691 927
0 120 143 713
0 120 344 703
68 68 42 747
0 120 902 967
0 120 156 997
41 43 29 813
51 53 29 584
4 95 2 301
97 120 2 301
0 120 516 522
0 120 114 133
0 120 141 236
76 78 42 639
0 120 877 915
0 120 687 934
0 120 860 862
0 120 560 570
0 120 291 296
0 120 460 748
89 90 23 481
55 56 33 940
85 86 6 1071
0 120 629 821
0 120 357 362
0 120 796 818
0 120 713 1049
74 75 6 433
0 120 657 659
43 48 11 484
0 120 117 651
0 120 579 596
0 120 128 660
0 120 752 753
0 120 557 657
0 120 537 944
0 120 424 429
0 120 143 150
0 120 715 721
0 120 233 718
0 120 767 768
0 120 225 305
85 87 15 495
0 120 455 767
0 120 345 895
0 120 155 246
0 120 198 732
0 120 332 961
55 57 42 76
55 66 29 551
42 45 22 511
0 120 93 800
0 120 17 24
0 120 264 273
0 120 541 847
35 37 33 377
0 120 761 850
0 120 882 960
11 12 27 217
105 106 27 217
0 120 753 846
86 94 28 33
0 120 35 566
62 65 21 259
66 67 21 30
0 120 260 275
35 38 23 448
18 20 22 632
112 113 22 632
0 120 28 563
0 120 94 737
0 120 611 618
0 120 94 99
0 120 780 841
73 74 21 380
0 120 903 911
0 120 73 161
0 120 732 1029
0 120 724 1025
0 120 572 668
0 120 430 435
0 120 564 664
0 120 869 891
0 120 66 387
17 19 11 451
111 113 11 451
0 120 300 325
0 120 651 668
0 120 152 984
17 20 21 501
111 114 21 501
0 120 1021 1024
0 0 42 560
2 3 42 560
0 120 773 779
66 66 42 331
0 120 776 784
0 120 215 222
0 120 720 1032
0 120 426 442
0 120 904 969
0 120 72 996
0 120 543 847
0 120 38 567
11 14 33 223
105 108 33 223
0 120 339 1052
0 120 345 983
0 120 240 701
0 120 177 990
54 55 15 174
0 120 293 298
72 76 22 478
0 120 327 705
0 120 503 522
58 58 33 344
0 120 555 569
0 120 343 915
0 120 610 621
0 120 277 295
56 58 23 415
0 120 704 1042
0 120 715 1051
0 120 228 704
0 120 281 301
51 52 33 236
0 120 112 120
0 120 716 1052
0 120 411 416
0 120 115 125
0 120 403 412
0 120 455 459
0 120 1027 1030
0 120 466 468
0 120 677 917
0 120 0 409
0 120 1039 1040
0 120 115 655
0 120 342 703
32 37 6 488
0 120 345 708
0 120 545 882
28 30 23 428
52 53 42 298
0 120 157 248
55 55 33 707
0 120 869 979
0 120 833 1056
0 120 646 821
0 120 514 522
0 120 31 553
0 120 732 1009
0 120 0 831
0 120 256 262
0 120 863 940
0 120 0 422
0 120 599 601
0 120 887 888
1 4 21 481
95 97 21 481
25 25 22 854
119 119 22 854
17 17 4 248
26 26 4 248
110 115 4 248
119 119 4 248
0 120 311 319
0 120 30 565
0 120 635 645
37 37 27 151
82 82 2 732
0 120 188 1008
0 120 114 564
0 120 782 843
0 120 134 250
32 33 18 447
88 90 4 549
0 120 108 1015
0 120 67 80
0 120 140 149
0 120 76 164
0 120 339 1032
0 2 23 503
93 95 23 503
0 120 993 1004
0 120 0 785
0 120 198 1029
0 120 484 489
0 120 742 1013
83 86 13 495
0 120 258 262
0 120 425 439
0 120 937 959
0 120 128 561
39 41 29 439
48 53 21 435
0 120 746 1019
0 120 537 845
0 120 251 259
0 120 635 779
0 120 44 45
0 120 475 497
0 120 774 793
5 6 4 94
98 100 4 94
0 120 317 325
0 120 616 621
0 120 197 817
37 38 29 452
46 47 18 931
86 88 15 517
41 46 21 448
0 120 617 622
0 120 92 737
0 120 86 168
0 120 92 99
0 120 331 344
0 120 391 395
0 120 402 404
0 120 626 792
0 120 79 165
0 120 332 345
0 120 101 183
15 16 29 164
109 110 29 164
0 120 540 868
64 65 23 758
0 120 694 697
0 120 168 996
53 54 23 120
0 120 624 638
30 34 42 219
0 120 0 402
57 59 32 354
12 15 29 285
106 109 29 285
0 120 245 992
0 120 229 984
65 65 23 470
0 120 140 237
0 120 764 855
27 28 32 66
0 120 149 996
0 120 287 292
0 120 160 1005
0 120 586 588
0 120 590 594
0 120 176 991
0 120 501 522
0 120 228 1001
0 120 575 587
0 120 283 299
0 120 847 866
0 120 626 638
0 120 937 939
0 120 203 306
19 19 15 484
113 113 15 484
0 120 774 1061
10 13 18 489
104 107 18 489
0 120 988 990
0 120 427 428
0 120 1032 1033
0 120 69 82
0 120 537 946
0 120 413 422
0 120 880 940
0 120 210 322
0 120 624 834
11 11 22 271
105 105 22 271
0 120 1055 1057
0 120 187 195
0 120 95 1015
0 120 206 208
15 17 32 321
109 111 32 321
77 80 27 206
0 120 744 1015
0 120 736 1011
23 23 2 378
114 117 2 378
33 38 21 428
89 91 15 497
0 120 190 1023
0 120 163 1006
0 120 821 826
0 120 745 1016
0 120 644 784
16 18 42 307
110 112 42 307
51 52 42 78
0 120 338 714
74 75 2 679
0 120 329 894
67 67 21 549
0 120 783 835
0 120 549 668
29 31 29 144
0 120 35 38
0 120 895 896
0 120 31 562
0 120 182 731
38 41 22 513
0 120 0 840
0 120 630 778
0 120 896 897
0 120 607 614
77 77 21 899
0 120 193 745
0 120 875 959
38 38 6 510
0 10 4 208
12 12 4 208
14 16 4 208
25 87 4 208
89 103 4 208
108 109 4 208
119 120 4 208
0 120 611 620
43 46 42 320
0 120 603 616
0 120 643 838
0 120 674 676
0 120 725 727
0 120 726 728
0 120 556 662
23 26 33 212
117 120 33 212
0 120 500 501
21 22 32 167
115 116 32 167
0 120 492 497
4 10 21 503
98 104 21 503
0 120 90 108
0 120 133 564
0 120 147 233
0 120 501 502
0 120 900 965
0 120 872 903
0 120 212 219
43 43 13 684
0 120 215 224
0 120 901 966
0 120 566 567
0 120 558 563
0 55 23 584
57 120 23 584
0 120 567 568
0 120 559 564
59 59 33 863
0 120 278 285
0 120 151 998
0 120 1009 1029
0 120 183 807
0 120 469 755
0 120 104 105
0 120 554 570
61 65 22 480
0 120 396 398
51 52 27 415
33 35 29 870
0 120 925 927
0 120 246 984
32 32 29 232
0 120 356 361
0 120 969 970
0 120 88 812
0 120 247 985
0 120 82 997
0 120 1034 1035
0 120 538 868
0 120 158 992
0 120 466 470
0 120 765 766
0 120 0 820
0 120 798 800
0 120 462 765
0 120 85 1007
0 120 0 411
0 120 758 763
48 48 18 724
24 27 6 490
118 120 6 490
0 120 345 710
67 67 42 938
40 42 42 300
0 3 22 434
94 97 22 434
0 120 832 833
0 120 329 707
0 120 150 247
0 120 134 239
0 120 288 297
0 120 595 597
52 53 23 551
0 120 26 31
0 120 806 817
0 120 863 942
0 120 641 829
49 51 32 785
80 85 11 433
0 120 786 838
0 120 27 32
0 120 631 821
0 120 30 37
0 120 249 719
0 120 598 607
0 120 216 313
63 63 23 901
0 120 138 250
38 38 32 906
0 120 539 939
0 120 645 840
0 120 180 1006
0 120 211 319
0 120 870 958
0 120 288 310
44 45 15 35
0 120 204 316
0 120 877 939
0 120 789 826
0 120 27 274
0 3 11 266
94 96 11 266
0 120 299 324
75 77 29 320
0 120 109 200
0 120 793 832
0 120 0 787
0 120 113 664
87 90 13 497
0 120 197 806
0 120 337 966
